100 10
9 46 83 E1
9 -43 -76 E10
9 0 -41 E10
9 78 -32 E6
9 -83 -87 E3
9 -15 -1 E3
9 41 39 E4
9 -65 69 E3
9 32 -59 E3
9 10 85 E10
9 -7 -2 E9
9 27 -18 E10
9 34 68 E9
9 81 78 E8
9 -23 71 E5
9 63 -74 E3
9 13 35 E6
9 -45 65 E4
9 2 29 E3
9 74 -18 E7
9 -36 -14 E2
9 -59 -75 E9
9 1 -6 E1
9 -7 -74 E3
9 -78 -61 E5
9 64 -81 E10
9 -88 59 E10
9 82 -40 E3
9 -87 -27 E5
9 47 -55 E7
9 2 -48 E1
9 2 46 E5
9 58 -42 E9
9 53 0 E9
9 13 79 E2
9 15 -30 E9
9 75 5 E8
9 37 36 E5
9 -17 17 E5
9 -32 -10 E4
9 51 13 E2
9 -71 3 E5
9 30 -64 E3
9 -48 43 E7
9 5 81 E7
9 -10 63 E7
9 69 -89 E4
9 -12 4 E9
9 -49 55 E7
9 78 -21 E1
9 46 83 E3
18 -40 -61 E2
25 -64 -71 E9
32 -57 -68 E9
41 -58 86 E6
42 11 -21 E3
43 -28 -86 E5
43 -82 -62 E1
43 -14 -77 E8
47 42 -74 E6
53 -66 76 E5
56 -17 -77 E3
62 -42 34 E9
65 -40 80 E2
71 45 -21 E8
78 -25 23 E6
80 71 -1 E2
88 -67 32 E8
91 61 35 E7
97 24 74 E1
101 49 2 E10
107 58 -19 E7
109 -2 -48 E6
114 -8 54 E10
122 42 -51 E2
131 78 74 E2
141 -86 -20 E9
142 18 -30 E2
150 81 -40 E6
153 -29 77 E10
161 60 -42 E8
167 -15 -23 E7
169 -82 57 E1
171 67 -62 E4
176 -26 7 E9
176 -75 -24 E9
185 84 6 E1
192 -78 3 E7
201 -56 25 E7
209 -85 -2 E4
219 7 -80 E6
224 -35 21 E6
231 -24 -23 E9
236 30 82 E10
239 -49 -33 E3
239 43 -22 E8
241 -19 17 E10
250 49 63 E4
260 -71 38 E4
263 20 -35 E3
